-0.432838 33.8711
-0.432838 33.8711
-0.434556 33.8711
-0.433308 33.8714
-0.436084 33.8716
-0.44125 33.8712
-0.442116 33.8713
-0.443499 33.8712
-0.442381 33.8713
-0.442283 33.8712
-0.443 33.8714
-0.443063 33.8716
-0.443623 33.8716
-0.445074 33.8716
-0.449643 33.872
-0.453888 33.8725
-0.4586 33.8728
-0.463447 33.8732
-0.469276 33.874
-0.473763 33.8743
-0.477796 33.8748
-0.4795 33.8749
-0.492885 33.8765
-0.567088 33.886
-0.703657 33.9061
-0.804355 33.9226
-0.851951 33.9293
-0.895099 33.9326
-0.905926 33.9336
-0.927295 33.9355
-0.950702 33.9372
-0.964933 33.9387
-0.965459 33.9417
-0.972672 33.9452
-0.986271 33.9474
-0.994041 33.948
-1.0036 33.9486
-1.02046 33.9498
-1.03662 33.951
-1.0484 33.9512
-1.08083 33.9519
-1.12943 33.9527
-1.16364 33.9535
-1.18335 33.9549
-1.198 33.9564
-1.2028 33.9586
-1.21297 33.9604
-1.2422 33.9613
-1.2639 33.9617
-1.26715 33.9626
-1.28063 33.9634
-1.29646 33.9637
-1.30608 33.9646
-1.31815 33.9658
-1.32773 33.9667
-1.33085 33.9672
-1.331 33.9679
-1.32841 33.9689
-1.32547 33.97
-1.32822 33.9712
-1.33424 33.9729
-1.33607 33.9739
-1.33783 33.9752
-1.34456 33.9761
-1.35273 33.9772
-1.37085 33.9791
-1.37923 33.9796
-1.38076 33.9796
-1.39375 33.9807
-1.40924 33.9817
-1.42323 33.9833
-1.44179 33.9856
-1.46586 33.9874
-1.47503 33.9883
-1.48069 33.9899
-1.48343 33.9906
-1.48494 33.9917
-1.49042 33.9931
-1.4936 33.9952
-1.49791 33.9967
-1.50454 33.998
-1.52101 33.9993
-1.5263 33.9996
-1.52858 34
-1.52961 34.0007
-1.52933 34.0012
-1.53134 34.0019
-1.5433 34.005
-1.56883 34.0086
-1.57825 34.0098
-1.58636 34.0113
-1.58846 34.0129
-1.59415 34.0147
-1.60369 34.0156
-1.59737 34.0163
-1.59521 34.0175
-1.60403 34.0188
-1.60775 34.0196
-1.61109 34.0206
-1.61263 34.0213
-1.61389 34.0216
-1.62372 34.0223
-1.62907 34.0232
-1.62961 34.0236
-1.6287 34.0241
-1.62722 34.0249
-1.62654 34.0252
-1.62537 34.0255
-1.62461 34.0262
-1.62966 34.027
-1.64181 34.0272
-1.64429 34.0276
-1.64178 34.028
-1.64166 34.0284
-1.64134 34.0285
-1.64078 34.0287
-1.64108 34.0289
-1.64233 34.0293
-1.64314 34.0295
-1.64444 34.0299
-1.64462 34.03
-1.64426 34.0301
-1.64408 34.0303
-1.64357 34.0307
-1.64387 34.0308
-1.64415 34.0308
-1.64462 34.0307
-1.64479 34.0308
-1.64637 34.0312
-1.64752 34.0317
-1.6454 34.0322
-1.63797 34.0331
-1.62804 34.0338
-1.62077 34.0343
-1.62295 34.0345
-1.62629 34.0353
-1.61351 34.0369
-1.60475 34.0381
-1.60819 34.0387
-1.60741 34.0392
-1.60386 34.0403
-1.60285 34.0413
-1.60394 34.0423
-1.60656 34.0434
-1.61134 34.0443
-1.61434 34.0448
-1.61548 34.0459
-1.61688 34.0472
-1.61764 34.0475
-1.6178 34.0475
-1.6178 34.0475
-1.61709 34.0476
-1.61579 34.0474
-1.61503 34.0472
-1.61463 34.0474
-1.61278 34.0481
-1.61116 34.0488
-1.61073 34.049
-1.60825 34.0499
-1.60576 34.051
-1.60646 34.0514
-1.61376 34.0515
-1.62809 34.0523
-1.6318 34.0535
-1.61904 34.0559
-1.61784 34.0571
-1.61759 34.0589
-1.61584 34.0598
-1.61458 34.0606
-1.61406 34.0619
-1.61674 34.0624
-1.62101 34.0629
-1.62265 34.0642
-1.62129 34.0656
-1.61831 34.0667
-1.6149 34.0674
-1.61118 34.068
-1.6066 34.0687
-1.60469 34.0689
-1.60364 34.0693
-1.60108 34.0699
-1.59453 34.0717
-1.59995 34.0734
-1.606 34.0745
-1.60589 34.075
-1.60531 34.0764
-1.60608 34.0771
-1.61108 34.0784
-1.61451 34.0795
-1.61292 34.0816
-1.61207 34.0828
-1.61629 34.0834
-1.62923 34.0847
-1.64071 34.0866
-1.64032 34.088
-1.63675 34.0892
-1.63551 34.0909
-1.63913 34.0921
-1.65141 34.0924
-1.66657 34.0936
-1.67761 34.0944
-1.68498 34.0949
-1.69124 34.0957
-1.69228 34.0964
-1.69297 34.0971
-1.69333 34.0979
-1.69425 34.0983
-1.69569 34.0986
-1.69572 34.099
-1.69704 34.0992
-1.70053 34.0994
-1.70749 34.0994
-1.71213 34.0995
-1.71572 34.0995
-1.73033 34.0994
-1.74968 34.1002
-1.75424 34.1011
-1.75534 34.1013
-1.75584 34.1016
-1.75654 34.1017
-1.75652 34.1017
-1.75671 34.1019
-1.75759 34.1021
-1.75871 34.1025
-1.7593 34.1029
-1.75944 34.1032
-1.7594 34.1045
-1.75849 34.1064
-1.75816 34.1074
-1.75871 34.1076
-1.75901 34.1077
-1.75899 34.1076
-1.7589 34.1077
-1.75942 34.1081
-1.76045 34.1087
-1.75911 34.1093
-1.7451 34.1111
-1.7323 34.113
-1.71716 34.1148
-1.7051 34.116
-1.69925 34.1167
-1.69486 34.1175
-1.68188 34.119
-1.67737 34.1198
-1.6811 34.1201
-1.68236 34.1209
-1.68854 34.1213
-1.69791 34.1212
-1.70392 34.1215
-1.70502 34.1218
-1.71234 34.1224
-1.7265 34.1225
-1.76107 34.1223
-1.77952 34.1217
-1.78298 34.1214
-1.78295 34.1216
-1.78686 34.1218
-1.79136 34.1221
-1.79607 34.1223
-1.79968 34.1225
-1.80037 34.1227
-1.80085 34.1227
-1.8009 34.1229
-1.80081 34.1232
-1.80043 34.1234
-1.79936 34.124
-1.79882 34.1243
-1.79035 34.1247
-1.78656 34.1249
-1.77197 34.1258
-1.7583 34.1271
-1.75782 34.1275
-1.7645 34.1275
-1.77415 34.1279
-1.77529 34.128
-1.7751 34.1279
-1.77499 34.1279
-1.77357 34.1279
-1.77207 34.1281
-1.77049 34.1281
-1.76724 34.1285
-1.76649 34.1288
-1.76594 34.1294
-1.77358 34.1292
-1.76846 34.1295
-1.75857 34.1302
-1.75451 34.1306
-1.75807 34.131
-1.76572 34.1309
-1.77327 34.1307
-1.77557 34.1305
-1.78012 34.1305
-1.78362 34.1305
-1.78337 34.1307
-1.78324 34.1307
-1.78313 34.1307
-1.78323 34.1308
-1.78327 34.1308
-1.78327 34.1308
-1.78354 34.1309
-1.78409 34.131
-1.78415 34.1311
-1.78209 34.1314
-1.7808 34.1317
-1.78413 34.1318
-1.78745 34.1317
-1.78867 34.1317
-1.78886 34.1317
-1.78601 34.1319
-1.78301 34.1321
-1.77829 34.1322
-1.77292 34.1328
-1.7718 34.1333
-1.77287 34.1334
-1.77466 34.1335
-1.77613 34.1335
-1.777 34.1336
-1.77808 34.1335
-1.77906 34.1335
-1.78017 34.1334
-1.78112 34.1334
-1.78244 34.1333
-1.78398 34.1333
-1.78495 34.1333
-1.78591 34.1333
-1.78822 34.1334
-1.79176 34.1334
-1.79506 34.1334
-1.79963 34.1333
-1.8039 34.1331
-1.80356 34.1331
-1.8041 34.1332
-1.8054 34.1332
-1.80403 34.1333
-1.80296 34.1335
-1.80288 34.1335
-1.80353 34.1336
-1.80346 34.1337
-1.80217 34.1337
-1.80306 34.1339
-1.80439 34.1338
-1.80545 34.1339
-1.80664 34.1339
-1.80794 34.1338
-1.80899 34.134
-1.80946 34.134
-1.8095 34.134
-1.80913 34.1341
-1.80891 34.1342
-1.80766 34.1343
-1.80654 34.1345
-1.80523 34.1346
-1.80234 34.1347
-1.8018 34.1349
-1.80195 34.1351
-1.80609 34.1349
-1.8058 34.135
-1.8059 34.135
-1.80589 34.1351
-1.80568 34.135
-1.8054 34.1351
-1.80538 34.1351
-1.80507 34.1352
-1.80376 34.1353
-1.80192 34.1354
-1.8013 34.1356
-1.80059 34.1357
-1.79974 34.1358
-1.79845 34.1359
-1.7982 34.136
-1.79822 34.1361
-1.79826 34.1361
-1.79782 34.1361
-1.79646 34.1361
-1.79464 34.1363
-1.79298 34.1365
-1.79182 34.1366
-1.79078 34.1368
-1.78807 34.1371
-1.78211 34.1376
-1.77731 34.138
-1.77217 34.1384
-1.76159 34.1393
-1.74425 34.1404
-1.72871 34.1413
-1.71968 34.1422
-1.71748 34.1426
-1.71821 34.1428
-1.72003 34.143
-1.72042 34.1434
-1.7167 34.1439
-1.71274 34.1443
-1.7047 34.1448
-1.69122 34.1457
-1.68715 34.1463
-1.68824 34.1464
-1.68585 34.1467
-1.67952 34.1472
-1.67419 34.1477
-1.66646 34.1483
-1.65867 34.1489
